,0,1,tau
0,0.0,0.0,2.0
1,0.7615941559557649,0.0,2.0
2,-0.7615941559557649,8.354059126158272e-78,2.0
3,0.9418468283073987,0.14453674516384535,2.0
4,0.9418468283073987,-0.14453674516384535,2.0
5,-0.9418468283073987,-0.14453674516384535,2.0
6,-0.9418468283073987,0.14453674516384535,2.0
7,0.9528605392265301,0.2187005252448731,2.0
8,0.9778221776990952,0.16956656621056454,2.0
9,0.9832886445955629,0.13935904327689705,2.0
10,0.980218862563263,0.09628647443815865,2.0
11,0.983706937541857,-0.12823687423918684,2.0
12,0.9737512656160415,-0.18161533970208807,2.0
13,-0.9737512656160415,-0.18161533970208807,2.0
14,-0.983706937541857,-0.12823687423918684,2.0
15,-0.983706937541857,0.12823687423918684,2.0
16,-0.9737512656160415,0.18161533970208807,2.0
