,0,1,tau
0,0.0,0.0,2.0
1,0.7615941559557649,0.0,2.0
2,4.177029563079136e-78,0.7615941559557649,2.0
3,-0.7615941559557649,8.354059126158272e-78,2.0
4,1.3777933316398076e-77,-0.7615941559557649,2.0
5,0.7954334846555848,0.3662040262100778,2.0
6,0.9418468283073987,0.14453674516384535,2.0
7,0.9640275800758169,1.4053743518398705e-78,2.0
8,0.9418468283073987,-0.14453674516384535,2.0
9,0.7954334846555848,-0.3662040262100778,2.0
10,8.307794375672024e-78,0.9640275800758169,2.0
11,-0.9640275800758169,9.169212309862954e-78,2.0
12,0.2393316975932081,-0.9004126814248983,2.0
13,1.884551305246388e-77,-0.9640275800758169,2.0
14,-0.2393316975932081,-0.9004126814248983,2.0
